0.001
1
2
3
4
5
6
7
8
9
11
12
13
14
15
18
19
21
22
24
25
26
27
28
29
31
32
33
34
35
36
37
38
39
40
42
43
44
45
46
48
49
50
52
54
55
56
57
58
60
61
62
63
64
66
67
68
71
72
75
77
78
80
81
82
83
85
86
87
88
89
91
92
93
95
96
97
98
100
101
106
110
112
115
118
119
120
121
123
125
126
130
132
133
134
137
141
142
148
150
151
152
154
155
156
162
166
167
168
171
184
185
186
191
192
196
197
200
203
205
206
210
219
224
227
228
231
233
241
246
262
264
265
285
288
290
294
295
298
303
310
316
318
336
341
347
352
362
365
367
373
376
423
425
428
432
482
509
536
562
624
629
638
658
663
700
716
761
794
826