0.04105571848
0.1085043988
0.1612903226
0.1906158358
0.2082111437
0.2258064516
0.2521994135
0.2668621701
0.275659824
0.2873900293
0.2961876833
0.2991202346
0.3049853372
0.3137829912
0.3196480938
0.3225806452
0.3343108504
0.3372434018
0.3519061584
0.3548387097
0.3695014663
0.3724340176
0.3782991202
0.3812316716
0.3900293255
0.3958944282
0.4046920821
0.4134897361
0.42228739
0.431085044
0.4340175953
0.4398826979
0.4516129032
0.4574780059
0.4633431085
0.4721407625
0.4750733138
0.4809384164
0.4897360704
0.495601173
0.504398827
0.5102639296
0.5131964809
0.5161290323
0.5190615836
0.5219941349
0.5249266862
0.5307917889
0.5366568915
0.5395894428
0.5483870968
0.5542521994
0.5571847507
0.5630498534
0.568914956
0.5718475073
0.5806451613
0.5835777126
0.5894428152
0.5953079179
0.5982404692
0.6041055718
0.6099706745
0.6158357771
0.6217008798
0.6246334311
0.6275659824
0.633431085
0.6363636364
0.6392961877
0.642228739
0.6480938416
0.651026393
0.6539589443
0.6568914956
0.6598240469
0.6656891496
0.6715542522
0.6774193548
0.6862170088
0.6891495601
0.6920821114
0.6950146628
0.6979472141
0.7008797654
0.7038123167
0.7096774194
0.7126099707
0.7184750733
0.7214076246
0.724340176
0.7272727273
0.7302052786
0.7360703812
0.7390029326
0.7419354839
0.7448680352
0.7478005865
0.7507331378
0.7565982405
0.7624633431
0.7683284457
0.7712609971
0.7771260997
0.780058651
0.7829912023
0.7859237537
0.788856305
0.7947214076
0.7976539589
0.8035190616
0.8064516129
0.8093841642
0.8123167155
0.8181818182
0.8211143695
0.8269794721
0.8299120235
0.8328445748
0.8357771261
0.8387096774
0.8416422287
0.8445747801
0.8504398827
0.853372434
0.8563049853
0.8592375367
0.862170088
0.8651026393
0.8680351906
0.8709677419
0.8739002933
0.8797653959
0.8826979472
0.8856304985
0.8885630499
0.8944281525
0.8973607038
0.9002932551
0.9032258065
0.9061583578
0.9090909091
0.9120234604
0.9149560117
0.917888563
0.9208211144
0.9237536657
0.926686217
0.9296187683
0.9325513196
0.935483871
0.9413489736
0.9442815249
0.9472140762
0.9530791789
0.9560117302
0.9589442815
0.9618768328
0.9648093842
0.9706744868
0.9736070381
0.9765395894
0.9794721408
0.9824046921
0.9853372434
0.9882697947
0.991202346
0.9941348974
0.9970674487
1