0.003289473684
0.006578947368
0.009868421053
0.01315789474
0.01644736842
0.01973684211
0.02302631579
0.02631578947
0.03289473684
0.03618421053
0.03947368421
0.04605263158
0.04934210526
0.05263157895
0.05592105263
0.05921052632
0.0625
0.06578947368
0.06907894737
0.07236842105
0.07565789474
0.07894736842
0.08223684211
0.08552631579
0.08881578947
0.09210526316
0.09539473684
0.09868421053
0.1085526316
0.1118421053
0.1151315789
0.1184210526
0.1217105263
0.125
0.1282894737
0.1315789474
0.1348684211
0.1381578947
0.1414473684
0.1447368421
0.1480263158
0.1513157895
0.1546052632
0.1578947368
0.1611842105
0.1644736842
0.1710526316
0.1743421053
0.1776315789
0.1809210526
0.1842105263
0.1875
0.1940789474
0.1973684211
0.2006578947
0.2072368421
0.2105263158
0.2138157895
0.2203947368
0.2236842105
0.2269736842
0.2302631579
0.2335526316
0.2368421053
0.2401315789
0.2434210526
0.2467105263
0.25
0.2532894737
0.2565789474
0.2598684211
0.2631578947
0.2664473684
0.2697368421
0.2730263158
0.2763157895
0.2796052632
0.2861842105
0.2894736842
0.2927631579
0.2960526316
0.2993421053
0.3026315789
0.3059210526
0.3092105263
0.3125
0.3157894737
0.3190789474
0.3223684211
0.3256578947
0.3289473684
0.3322368421
0.3355263158
0.3388157895
0.3421052632
0.3453947368
0.3486842105
0.3519736842
0.3552631579
0.3585526316
0.3618421053
0.3651315789
0.3684210526
0.3717105263
0.375
0.3782894737
0.3815789474
0.3848684211
0.3881578947
0.3914473684
0.3947368421
0.4013157895
0.4046052632
0.4078947368
0.4111842105
0.4144736842
0.4177631579
0.4210526316
0.4243421053
0.4276315789
0.4309210526
0.4342105263
0.4375
0.4407894737
0.4440789474
0.4473684211
0.4506578947
0.4539473684
0.4572368421
0.4605263158
0.4638157895
0.4671052632
0.4703947368
0.4736842105
0.4769736842
0.4802631579
0.4835526316
0.4868421053
0.4901315789
0.4934210526
0.4967105263
0.5
0.5032894737
0.5065789474
0.5098684211
0.5131578947
0.5164473684
0.5197368421
0.5230263158
0.5263157895
0.5296052632
0.5328947368
0.5361842105
0.5394736842
0.5427631579
0.5460526316
0.5493421053
0.5526315789
0.5559210526
0.5592105263
0.5625
0.5657894737
0.5690789474
0.5723684211
0.5756578947
0.5789473684
0.5822368421
0.5855263158
0.5888157895
0.5921052632
0.5953947368
0.5986842105
0.6019736842
0.6052631579
0.6085526316
0.6118421053
0.6151315789
0.6184210526
0.6217105263
0.625
0.6282894737
0.6315789474
0.6348684211
0.6381578947
0.6414473684
0.6447368421
0.6480263158
0.6513157895
0.6546052632
0.6578947368
0.6611842105
0.6644736842
0.6677631579
0.6710526316
0.6743421053
0.6776315789
0.6809210526
0.6842105263
0.6875
0.6940789474
0.6973684211
0.7006578947
0.7039473684
0.7072368421
0.7105263158
0.7138157895
0.7171052632
0.7203947368
0.7236842105
0.7302631579
0.7335526316
0.7368421053
0.7401315789
0.7434210526
0.7467105263
0.75
0.7532894737
0.7565789474
0.7598684211
0.7631578947
0.7664473684
0.7697368421
0.7730263158
0.7763157895
0.7796052632
0.7828947368
0.7861842105
0.7894736842
0.7927631579
0.7960526316
0.7993421053
0.8026315789
0.8059210526
0.8092105263
0.8125
0.8157894737
0.8190789474
0.8223684211
0.8256578947
0.8322368421
0.8355263158
0.8388157895
0.8421052632
0.8453947368
0.8486842105
0.8519736842
0.8552631579
0.8585526316
0.8618421053
0.8651315789
0.8684210526
0.8717105263
0.875
0.8782894737
0.8815789474
0.8848684211
0.8881578947
0.8914473684
0.8947368421
0.8980263158
0.9013157895
0.9046052632
0.9078947368
0.9111842105
0.9144736842
0.9177631579
0.9210526316
0.9243421053
0.9276315789
0.9309210526
0.9342105263
0.9375
0.9407894737
0.9440789474
0.9473684211
0.9506578947
0.9539473684
0.9572368421
0.9605263158
0.9638157895
0.9671052632
0.9703947368
0.9736842105
0.9769736842
0.9802631579
0.9835526316
0.9868421053
0.9901315789
0.9934210526
0.9967105263
1