0.4
0.64
1.2
2.2
2.66
2.7
4.1
4.4
4.9
6.23
7.29
7.3
7.37
7.4
7.51
7.55
7.6
8.2
8.3
8.44
9.2
9.92
10
10.21019
10.5
10.75
10.93219
11
11.2
11.53
11.81
11.9668
12.24
12.3
12.4
12.42
12.47
12.60893
12.80557
12.9
13.56
13.8
13.85
14
14.28
14.6
14.7
14.9
15.44121
16.05
16.1
16.2
16.4
16.5293
17.37
17.4
17.7
17.74
18.1
18.34
18.63
18.91
19.42
19.47
19.48
19.77
19.84
19.9
20.1
20.16
20.29
20.3
20.39
20.5
20.57
20.6
20.77
20.79
20.8
20.80005
20.98563
21.06
21.09
21.18
21.4
21.98
22.01
22.11
22.31
22.4
22.41
22.6
22.65
22.7
22.79
22.97
23
23.5
23.51
23.7
23.9
24.22
24.26
24.43
24.67481
24.76
24.8
24.82
24.88
24.91
25.01
25.1
25.30157
25.36
25.50279
25.93
26.56
26.88
27.11097
27.21
27.39
27.76
27.9
27.93
28
28.1
28.29
28.3
28.40124
28.64
28.7
28.8
29.05
29.24735
29.3
29.34027
29.97
30.18
30.45035
30.65
30.71
30.72
31.05
31.24
31.29888
31.69
31.77
31.79
31.82
31.83
31.85
32
32.16
32.3
32.43
32.58
32.72
33.13
33.1869
33.2
33.77
33.8
33.97329
34.2
34.23854
34.28
34.7
34.81
34.82
34.84
34.92
35.05
35.06
35.21
35.24
35.32
35.47
35.65507
35.93
35.97
36.1
36.18
36.37
36.87542
37.21
37.23
37.29
37.43
37.51
37.6
37.65
37.66
37.77
38.52
38.66
38.83
38.94946
39.19
39.21
39.23
39.55
39.87
40.12334
40.78
40.96
41.72
41.85
42.27
42.29
42.3
42.44
44.31
44.4
44.47
44.76
45.62939
45.9
46.48
46.8
47.16
47.82325
47.89
48.05
48.40351
49.25
49.36
49.87
49.88889
49.95
50.00221
50.02139
50.12
50.3
50.81
51.25
52.02
52.16
52.34
52.77
53
53.05
53.4
54.5
56.57
56.61
56.8
57.72
58.3
59.4
59.77
59.80672
59.83704
60.2
60.36
60.64
61.61
62.42
62.62
62.94
63.47
64.1552
67.4
68.4
69.15
70.45
71.15
71.39
73.33
73.77
76.35
76.95
77.36
78.03
79.66
79.78
80.4
80.96
81.37
85.85
87.1
88.94
92.97
93.51
98.42
103.53
104.67
106.76
115.88
116.8079
117.65
122.66